326
494
269
393
249
90
468
331
361
213
27
167
44
62
385
33
184
156
224
316
150
272
469
245
212
299
437
394
370
368
391
214
213
122
54
146
479
457
154
180
110
331
401
403
245
33
360
221
212
293
28
371
255
241
30
252
420
461
219
364
175
304
112
282
109
162
463
159
203
61
499
186
490
290
224
258
81
213
427
325
399
26
489
2
172
467
310
29
76
362
178
62
240
416
164
29
122
327
149
6
163
103
399
90
443
412
134
215
474
361
394
206
140
367
79
95
226
116
382
337
381
110
493
118
310
7
304
296
468
154
10
373
466
254
428
37
406
69
25
422
387
369
113
190
401
117
362
392
400
413
286
341
378
338
86
340
347
121
260
159
184
457
157
79
443
364
197
112
298
164
298
249
457
13
111
131
494
370
21
72
241
423
453
210
18
245
430
325
224
356
429
52
459
398
8
216
123
311
343
1
142
239
235
458
247
321
363
107
479
155
13
462
409
451
250
340
334
272
491
202
47
297
208
25
101
187
7
426
335
460
134
272
308
204
500
7
140
71
178
236
183
197
357
363
335
71
156
204
246
388
289
490
98
70
450
122
119
410
471
289
437
256
205
294
377
193
266
478
338
414
220
114
352
304
32
16
15
278
55
321
494
14
86
93
407
35
37
386
440
476
54
348
163
439
423
265
135
47
463
122
498
117
145
388
423
379
19
178
419
266
164
360
192
60
199
410
450
88
92
488
238
191
348
251
107
385
364
375
193
417
155
45
493
438
368
443
427
58
449
331
37
334
72
357
8
102
439
74
469
96
298
482
402
461
96
25
319
69
427
96
228
498
40
1
294
122
457
221
6
471
388
18
39
406
423
66
469
167
173
317
413
462
358
184
120
114
39
465
38
157
71
84
350
382
76
320
476
22
147
163
70
130
246
294
66
194
204
435
393
157
13
458
17
300
74
177
88
349
387
161
36
222
171
224
96
40
232
464
354
343
479
276
63
443
304
316
145
468
173
198
439
392
127
17
490
252
45
439
350
313
409
135
104
83
2
284
47
430
360
195
238
19
69
322
369
346
376
45
229
462
404
103
295
273
180
453
341
416
1
98
260
301
157
120
147
271
354
202
71
226
203
386
322
205
499
141
332
72
85
79
359
401
459
258
475
84
394
30
324
409
254
312
64
79
305
446
415
119
263
500
188
173
10
439
187
401
332
85
403
33
277
114
455
154
187
105
258
404
237
302
6
52
280
273
114
332
123
70
354
477
371
314
69
71
295
339
435
199
254
93
421
333
43
24
233
14
147
18
233
153
238
232
466
174
416
337
206
245
68
209
83
54
414
61
148
376
211
334
452
150
339
377
3
408
387
68
241
97
151
25
488
261
420
424
114
50
194
276
38
195
7
121
494
382
326
220
365
438
46
230
284
268
441
240
75
286
498
224
25
371
442
158
411
457
371
495
137
460
296
162
301
80
56
495
485
406
480
242
38
350
354
322
152
145
210
20
19
474
162
146
418
313
487
426
120
195
422
55
70
372
125
365
385
271
53
471
303
198
45
92
350
434
202
442
80
201
233
156
444
470
292
245
455
179
401
410
20
191
469
328
493
250
17
190
218
180
152
283
32
303
471
402
472
344
46
139
157
54
300
379
89
404
87
400
413
414
497
491
481
95
406
387
351
491
65
123
230
465
39
36
183
198
98
261
301
298
234
475
419
20
295
29
343
294
311
288
476
176
453
194
146
283
189
18
396
483
74
219
435
354
282
95
432
384
391
124
332
435
127
459
358
228
213
498
400
438
199
340
21
491
113
164
358
275
24
211
266
286
138
100
145
94
295
104
466
105
305
350
147
292
354
89
51
373
299
295
24
425
493
328
38
27
408
262
218
279
180
269
173
446
346
85
306
22
435
137
459
183
261
360
33
417
186
35
427
85
318
242
456
269
94
70
165
3
405
291
263
363
428
54
229
427
109
450
458
274
219
464
180
487
263
422
230
92
34
439
142
425
442
285
435
179
349
259
355
211
477
339
273
240
104
344
387
167
115
299
325
99
171
446
215
22
128
66
290
195
77
339
90
8
267
440
346
436
450
430
165
173
103
259
199
195
293
325
16
268
406
76
21
317
290
55
318
145
352
115
77
177
13
223
39
247
458
359
493
414
475
30
170
414
288
260
220
124
147
205
97
301
82
189
392
389
143
20
395
402
86
349
381
171
433
202
386
230
8
22
2
213
38
138
2
370
112
138
424
204
322
450
39
240
131
269
474
117
87
99
98
500
256
286
161
221
321
315
42
209
136
52
342
420
72
287
17
415
401
116
109
186
39
153
131
23
380
43
81
474
111
470
57
391
289
100
415
139
183
454
437
227
299
160
474
500
238
430
82
9
25
322
218
311
272
17
106
236
77
347
15
44
303
251
232
491
477
150
170
485
292
413
160
365
335
211
125
306
455
15
493
482
320
388
392
361
65
473
344
421
91
247
403
106
453
150
386
18
464
143
99
174
69
67
211
110
229
413
188
217
58
198
8
434
138
168
149
316
464
414
188
9
244
298
160
330
261
230
192
460
352
420
268
205
78
172
386
353
1
138
246
397
78
175
20
261
14
93
193
159
85
66
390
382
262
424
72
99
188
307
456
162
435
368
498
20
156
293
288
11
228
362
217
188
148
136
338
313
470
138
338
286
300
470
185
55
355
420
12
463
427
467
474
45
64
451
365
483
164
353
456
275
180
230
136
118
38
351
109
165
431
424
71
54
48
99
483
486
421
81
271
214
488
214
2
442
128
376
308
486
357
308
127
479
88
253
44
38
311
376
354
28
276
439
225
449
277
96
192
10
371
459
26
80
429
239
364
69
165
376
381
181
389
455
118
98
35
119
21
388
102
384
132
267
10
387
287
377
4
140
164
396
90
241
418
56
192
316
178
110
96
120
115
333
438
349
332
368
473
140
328
81
27
128
329
63
62
163
332
84
5
428
265
35
6
254
274
351
75
318
206
435
85
250
12
305
456
362
395
35
362
313
185
13
214
17
78
187
203
446
70
202
127
298
70
247
304
93
432
462
324
368
331
438
27
42
164
163
43
355
414
226
439
20
168
208
461
326
291
400
100
430
33
411
224
462
185
212
245
375
212
375
359
104
162
8
152
190
495
403
449
482
356
443
106
337
235
71
16
32
328
487
484
162
378
239
223
369
193
37
125
123
496
390
109
76
259
112
265
218
126
314
201
112
61
189
448
480
372
283
485
265
287
404
448
25
318
479
313
200
224
432
355
264
444
69
488
268
485
16
103
15
373
451
351
385
374
210
374
372
370
308
362
395
415
59
371
331
173
228
253
472
152
22
158
264
326
312
485
239
482
121
323
495
359
249
350
387
401
371
382
333
222
30
187
239
152
215
461
44
56
62
314
287
412
283
405
376
488
57
389
395
277
432
107
385
262
245
56
449
397
147
453
399
145
22
330
393
291
16
435
129
175
324
341
190
454
100
65
28
434
105
125
386
5
146
400
133
178
444
348
75
269
250
63
261
235
425
394
188
272
142
308
26
264
46
440
156
302
447
283
318
43
65
231
122
262
370
272
446
118
291
388
494
212
375
327
335
235
463
246
276
94
84
321
249
137
490
295
211
263
205
84
152
397
438
446
421
84
456
396
447
120
283
487
334
470
67
264
453
437
84
180
333
353
49
487
105
371
320
98
163
235
85
204
493
253
306
434
278
46
474
167
466
497
197
114
427
212
223
188
178
203
216
191
397
411
489
263
46
108
390
121
471
163
198
40
240
119
167
128
261
492
293
427
446
205
446
14
230
48
209
226
250
119
159
388
321
182
250
345
140
486
168
398
232
104
229
233
236
473
375
193
29
385
307
334
480
329
61
462
383
158
111
457
146
263
93
22
356
47
353
95
171
195
275
40
293
426
256
366
397
96
223
129
478
285
265
341
473
209
298
140
376
51
103
177
281
110
222
142
361
394
395
85
362
158
157
173
492
126
176
298
461
35
137
485
13
451
244
308
425
176
366
135
362
449
446
294
316
49
27
383
134
286
79
272
219
334
376
500
24
276
266
114
375
187
4
202
438
67
236
235
347
423
284
63
72
295
107
342
106
40
161
364
369
242
365
292
12
149
31
491
423
98
371
206
294
14
120
89
484
96
363
125
288
500
365
325
374
386
9
120
266
379
458
227
240
162
247
384
364
51
298
194
183
155
210
474
213
375
264
409
444
255
218
467
4
425
317
478
445
130
400
462
359
105
69
289
106
357
159
439
483
192
100
175
491
173
308
158
220
492
402
104
453
118
331
346
239
432
477
234
76
434
349
126
217
19
227
326
348
220
500
170
2
230
402
78
96
488
61
287
376
33
6
136
374
345
259
178
137
338
168
93
93
206
370
309
381
334
133
480
320
14
288
410
459
263
129
316
292
116
412
263
219
326
7
458
325
30
301
68
277
34
175
84
414
494
169
293
170
451
467
289
438
286
437
36
392
381
206
382
37
449
169
61
396
192
369
109
322
181
338
300
335
102
357
148
222
240
11
204
371
354
27
346
384
404
162
12
60
345
231
288
189
77
433
59
412
411
289
430
46
320
298
440
368
63
375
135
266
165
221
408
53
138
490
79
439
227
4
67
295
399
267
128
371
230
158
490
14
304
23
413
242
214
249
77
226
238
47
430
288
279
306
27
16
155
300
156
441
390
485
489
474
191
258
265
459
353
337
23
194
448
330
163
236
221
112
179
87
244
331
202
76
10
196
77
353
289
180
23
367
222
384
47
117
336
77
145
195
300
310
465
319
10
56
2
84
273
500
79
117
111
429
283
138
468
123
238
141
355
269
54
41
282
141
42
107
91
189
236
428
154
196
89
383
208
324
178
336
474
187
86
258
26
20
167
4
321
112
241
263
124
384
337
466
26
385
474
46
164
450
88
475
175
457
91
390
402
367
219
437
328
196
217
135
199
116
132
151
313
105
388
344
469
409
76
283
96
87
343
219
140
22
22
112
369
77
165
355
299
471
393
243
95
13
61
94
356
40
497
58
387
207
192
322
142
304
131
350
233
336
71
197
40
417
446
189
184
376
206
435
295
55
310
170
259
432
260
364
356
34
493
377
450
58
141
137
172
244
165
456
321
244
49
62
500
165
289
363
332
437
144
184
430
367
136
458
140
16
121
340
438
491
262
239
255
329
92
52
386
381
433
144
45
474
307
250
73
111
66
468
233
174
391
433
484
311
439
72
116
189
350
493
81
310
489
178
408
344
283
89
64
234
186
178
188
388
318
28
167
328
66
1
87
9
425
290
178
396
161
218
473
449
411
410
4
376
146
182
2
326
481
102
206
196
201
120
37
334
411
91
90
164
164
235
70
184
490
274
18
308
206
491
389
214
15
449
279
167
370
371
376
269
242
464
437
173
442
39
431
38
327
283
238
409
259
462
154
194
427
69
252
117
165
144
27
282
225
30
76
484
463
295
496
437
302
388
27
350
337
344
420
142
385
451
398
90
340
349
53
349
124
400
460
91
159
479
272
422
191
42
31
309
21
364
466
479
99
365
42
72
191
240
57
349
285
411
176
389
168
436
294
454
101
42
262
158
304
376
74
92
15
379
235
283
178
398
162
184
408
234
115
361
209
312
311
206
24
50
55
185
96
241
413
121
207
445
155
469
312
428
430
277
230
103
356
316
486
303
485
344
111
372
350
53
160
233
107
2
450
52
74
222
2
6
276
200
452
493
479
106
205
218
487
456
414
228
381
313
416
370
249
260
84
10
340
56
157
95
494
302
428
237
132
407
353
57
23
343
460
378
496
404
162
211
263
190
422
130
480
33
479
206
191
353
219
180
322
242
62
365
426
94
144
46
421
224
394
293
141
182
49
108
107
398
486
276
8
339
248
82
5
71
481
281
97
421
59
276
445
455
18
472
188
70
21
128
479
278
460
299
158
145
430
137
186
402
200
328
173
404
7
420
100
461
397
107
68
4
69
248
174
154
109
12
426
29
269
71
370
464
417
90
468
383
42
118
44
207
267
100
15
488
49
320
450
409
372
39
398
379
23
420
310
168
136
81
315
403
61
247
492
263
218
466
269
335
2
280
10
406
432
38
326
389
190
217
148
147
344
199
85
191
24
430
141
89
30
229
351
410
323
286
2
156
101
10
142
406
182
438
150
341
192
323
283
317
76
335
181
418
297
29
465
188
141
300
217
281
380
50
261
335
163
171
378
170
391
193
240
285
417
117
95
183
391
9
425
231
162
350
58
76
137
469
467
101
181
123
244
19
88
382
46
428
414
468
91
48
446
120
115
368
330
309
11
126
439
303
255
305
327
176
45
322
190
253
499
136
73
385
115
250
156
144
143
436
310
166
419
37
219
391
158
327
287
352
178
217
154
451
467
20
108
373
36
58
330
342
456
99
389
404
53
481
90
293
218
252
278
156
370
313
441
88
175
287
476
436
206
301
236
264
302
379
56
188
42
369
226
469
351
140
484
396
389
290
430
403
78
198
367
327
241
20
441
391
80
139
110
228
371
99
357
260
16
246
228
207
315
125
222
322
77
123
260
169
458
466
410
379
208
422
292
290
296
442
77
317
213
475
255
132
73
406
382
436
493
311
289
151
86
219
335
337
288
129
62
442
124
267
236
283
443
431
104
225
76
290
304
82
294
141
286
164
427
417
211
159
463
183
252
278
433
416
380
131
408
71
189
281
428
310
498
296
249
238
492
353
320
129
361
92
484
429
463
458
472
176
254
193
360
104
336
425
276
337
221
52
264
442
36
169
366
85
196
297
145
147
202
39
30
417
83
53
89
379
134
396
6
149
19
337
295
287
453
162
490
68
149
351
342
192
365
199
283
87
400
74
238
149
87
9
145
170
338
214
375
220
69
361
52
427
332
199
161
386
313
85
155
384
376
491
176
215
189
391
397
82
32
154
387
456
276
203
349
263
93
230
19
421
406
118
440
49
187
91
359
82
165
221
416
111
170
65
352
479
292
131
453
494
272
261
496
149
475
247
499
344
99
147
173
384
235
317
20
452
207
46
149
299
153
67
481
105
95
352
140
269
372
240
492
415
88
401
428
457
388
46
182
377
207
22
167
246
300
123
499
43
246
466
130
48
299
247
237
355
395
494
258
59
301
166
251
247
395
66
40
161
261
18
395
312
303
156
326
315
329
470
400
406
101
391
337
389
121
303
492
220
491
293
250
8
23
299
189
457
337
67
355
122
61
429
349
378
372
460
415
131
484
442
155
116
363
395
472
21
357
101
343
280
105
142
495
83
66
417
133
471
192
493
344
433
268
378
401
1
188
446
212
150
443
276
305
201
382
103
258
498
333
368
169
319
13
74
343
303
183
248
53
181
405
295
347
195
299
388
106
350
123
335
204
50
102
489
350
204
360
341
410
72
446
354
248
430
420
436
373
114
121
164
464
86
244
489
106
424
56
131
401
1
88
303
404
167
405
138
199
394
75
400
242
154
272
115
2
247
460
195
272
383
8
500
443
54
82
492
436
76
98
276
408
234
98
340
303
55
295
195
262
84
224
437
390
408
300
427
361
300
322
362
348
22
374
492
287
205
303
78
12
200
437
463
366
450
452
239
435
169
297
53
161
81
388
490
168
462
297
319
258
497
498
43
162
232
287
346
277
429
335
462
281
217
463
400
182
214
56
212
76
175
217
154
67
264
130
127
45
254
287
233
248
229
163
113
285
375
123
431
87
18
309
7
6
320
490
88
116
427
354
127
63
380
473
247
157
282
215
212
243
494
166
315
246
102
173
24
183
472
456
92
298
432
333
54
426
7
427
165
83
113
393
372
242
299
47
263
208
377
451
305
467
252
433
318
401
291
188
224
224
323
74
99
54
185
407
383
49
228
77
386
85
344
12
344
38
331
67
320
300
337
161
177
257
179
50
143
81
23
429
212
311
257
118
204
336
357
451
294
68
168
60
214
266
279
154
64
149
73
8
358
159
68
276
458
464
343
431
498
499
182
45
214
144
497
353
342
354
229
462
316
394
145
358
47
91
334
304
413
368
254
19
384
116
294
55
406
353
196
46
183
450
41
123
484
98
164
53
442
80
51
296
35
326
141
491
66
152
477
51
498
31
289
381
360
193
385
427
304
331
165
160
3
180
115
304
228
234
393
24
373
390
423
73
57
339
457
309
208
97
144
280
140
83
470
82
203
314
301
462
476
295
364
193
300
379
148
40
161
433
83
237
7
340
311
214
89
1
482
421
261
187
283
480
488
279
271
21
415
143
171
469
436
115
438
202
117
300
210
468
176
152
266
103
415
67
182
91
143
7
108
235
93
477
23
184
258
1
282
340
338
45
494
206
155
229
29
492
483
498
436
410
152
310
107
356
180
312
268
313
374
347
247
138
495
117
468
33
96
206
272
373
32
172
456
232
459
378
360
352
320
202
380
497
374
295
22
75
341
64
454
131
33
98
491
286
158
286
115
463
67
494
366
228
281
174
390
376
46
451
459
415
484
305
491
422
92
95
426
323
459
344
285
472
51
332
385
33
268
246
395
17
270
310
361
487
223
37
342
326
134
467
492
140
424
482
227
314
187
61
104
411
311
93
110
92
250
164
335
473
229
21
348
285
74
255
157
40
102
42
278
352
227
173
233
426
464
434
279
240
483
288
210
292
204
204
341
362
167
408
131
116
16
205
407
467
485
42
316
33
149
354
401
150
14
275
153
343
218
255
432
329
165
120
386
78
419
167
337
171
22
372
101
184
142
389
326
59
133
60
246
452
86
232
108
312
389
287
133
494
125
421
41
21
335
291
8
177
277
344
424
460
293
271
391
33
260
217
216
166
384
73
11
320
255
365
59
416
92
10
308
500
108
416
141
447
186
175
63
62
330
367
25
377
426
267
366
200
384
70
218
442
85
38
265
32
373
335
382
252
482
132
31
110
360
466
178
426
306
175
136
162
179
163
424
62
167
133
138
78
239
364
296
153
420
55
310
305
413
202
492
161
433
458
461
432
255
412
362
91
100
228
41
378
417
104
158
48
21
42
220
210
235
486
152
362
403
433
281
259
104
217
45
3
351
259
283
300
386
201
150
140
344
442
63
222
195
278
21
301
332
483
301
213
59
349
274
246
493
391
456
118
64
155
12
259
321
252
43
253
220
5
351
211
362
349
330
88
412
389
207
368
495
300
153
326
406
66
101
31
328
372
187
39
53
282
377
242
378
198
118
146
390
458
359
385
326
293
309
137
33
284
74
164
282
356
155
80
324
265
318
55
94
497
463
67
354
435
462
445
398
134
304
386
100
34
5
306
182
437
430
317
34
97
22
378
304
322
448
98
185
10
275
459
10
129
90
216
275
239
379
10
123
221
31
294
166
30
43
437
201
394
330
4
464
25
16
4
94
94
211
17
285
361
29
496
445
72
5
164
280
441
103
323
302
223
204
84
172
189
251
432
156
489
225
267
140
229
216
498
312
330
67
34
69
53
14
473
152
392
203
92
244
369
171
230
464
109
170
477
258
439
165
140
125
139
411
259
464
355
242
60
78
117
108
78
475
303
334
310
138
360
306
132
329
24
7
384
311
280
303
436
31
267
437
227
414
365
376
235
360
184
62
39
431
257
47
109
413
237
179
230
147
28
237
444
493
288
373
216
239
419
228
25
99
203
308
426
110
420
56
189
351
407
1
467
410
185
2
42
354
447
372
73
278
417
34
425
116
258
445
25
482
472
152
394
234
444
224
417
257
52
203
125
239
21
381
216
263
7
389
288
65
171
36
232
221
347
287
33
255
213
7
198
385
247
337
386
153
97
59
323
157
387
381
445
432
356
283
278
278
164
460
433
447
97
387
219
122
376
190
244
26
197
282
58
293
141
183
278
436
40
475
338
298
433
87
467
378
224
433
171
240
225
447
33
12
297
155
347
72
372
230
127
105
231
377
330
79
495
452
135
54
424
404
478
402
219
499
64
138
188
214
474
18
295
346
36
482
276
121
50
219
213
495
51
358
149
363
233
281
67
100
299
35
283
148
452
105
48
350
432
73
468
307
480
266
61
318
328
13
158
295
317
11
100
108
12
97
60
467
207
379
138
247
496
248
279
118
168
254
386
418
479
166
460
446
483
261
453
216
410
39
488
201
255
53
13
286
85
459
435
405
248
185
235
269
72
311
72
183
356
338
364
153
345
459
387
314
177
355
436
238
188
247
163
299
278
103
271
25
8
410
317
327
383
365
487
6
354
133
311
156
318
36
417
424
39
123
72
45
195
65
421
205
403
180
487
29
422
182
235
405
378
373
159
392
265
85
99
110
132
67
250
395
306
393
37
385
206
148
338
373
262
273
307
466
175
451
351
479
278
310
129
32
487
485
284
467
387
279
456
8
271
201
494
40
17
124
163
478
20
161
30
384
477
63
147
421
173
99
39
177
58
377
479
88
270
474
472
457
431
45
349
488
447
266
364
365
226
39
181
50
199
369
165
408
222
178
434
178
418
58
159
11
284
125
193
23
386
165
172
246
235
166
327
422
4
175
390
257
30
92
65
103
146
122
208
31
190
101
17
331
198
256
193
274
100
267
250
357
424
109
338
280
388
252
176
101
439
179
431
327
228
62
130
163
213
111
468
233
45
263
142
359
124
341
185
327
209
220
22
120
226
338
389
261
448
13
17
200
16
155
414
140
318
348
419
276
98
177
121
145
201
377
116
157
294
23
39
399
436
476
223
409
345
241
299
476
290
154
38
371
495
18
204
66
126
403
208
135
354
261
364
443
233
394
94
189
96
53
456
500
418
83
476
71
123
76
304
242
68
393
342
460
496
254
99
267
51
279
141
319
36
466
184
359
404
86
496
264
129
318
481
468
415
265
11
11
392
89
241
485
319
107
427
339
483
82
442
301
449
303
490
169
463
249
260
311
324
252
46
439
249
66
192
137
249
157
485
131
307
277
11
438
172
102
284
383
373
240
366
349
125
385
34
286
112
240
482
177
231
54
439
49
243
253
498
130
367
172
429
384
295
264
160
465
201
9
130
50
272
394
167
78
463
437
71
148
131
183
109
171
400
471
124
357
124
15
73
274
27
485
316
461
137
304
98
12
389
302
255
103
332
177
286
117
176
429
51
360
484
2
32
362
171
384
226
334
57
269
411
152
115
153
260
99
170
416
427
179
223
445
2
447
241
345
437
163
180
61
331
24
214
493
183
310
108
283
80
62
404
434
4
261
80
348
335
15
116
129
411
425
415
161
365
94
329
67
344
217
97
68
62
238
335
144
52
327
282
98
400
258
395
279
150
313
496
224
22
466
36
370
54
388
245
326
222
259
301
331
110
432
378
146
197
214
349
72
338
364
174
156
65
432
430
399
379
152
253
404
277
432
407
466
319
336
30
493
183
65
105
487
210
100
54
1
123
25
386
93
224
26
210
269
34
162
496
310
16
296
368
98
230
425
328
271
460
242
218
31
69
395
407
398
107
257
113
27
417
482
471
413
276
204
417
435
389
497
217
171
350
103
426
334
5
424
348
422
482
484
110
400
11
347
207
234
499
411
500
106
235
123
413
446
463
342
203
173
494
486
29
139
451
73
136
329
165
434
418
220
234
170
200
44
180
332
72
377
180
403
240
35
315
339
324
255
311
324
268
481
290
329
470
333
90
255
28
475
284
169
470
130
113
84
147
411
139
286
497
462
40
382
192
80
115
121
260
118
176
483
129
419
206
157
111
439
301
301
260
453
140
362
123
416
406
268
369
99
318
9
388
31
177
415
422
146
66
428
484
220
140
240
282
315
199
431
98
431
58
128
55
469
40
201
8
391
247
215
262
124
120
132
173
324
142
218
205
83
459
188
359
473
37
367
485
98
421
476
324
417
82
212
271
123
262
382
226
299
207
196
43
317
140
210
37
189
307
9
150
112
454
416
367
453
102
372
158
257
5
129
230
116
268
10
82
396
128
300
422
318
4
211
222
345
29
432
282
114
356
493
451
375
210
462
244
473
244
16
422
420
482
17
224
453
245
500
293
259
200
355
492
189
339
61
192
351
459
465
309
392
407
464
260
111
144
384
250
267
446
442
250
65
320
462
231
285
52
350
281
420
98
386
409
472
357
52
454
230
234
417
234
405
247
39
190
459
319
440
62
314
290
445
252
352
88
9
364
245
445
215
52
179
451
229
179
424
236
314
454
21
11
431
116
33
206
11
441
382
445
218
286
277
101
356
83
78
247
75
220
220
327
148
435
426
462
403
419
6
395
256
61
427
156
397
322
191
150
333
49
221
17
371
98
69
226
55
471
263
62
232
305
445
302
153
392
247
106
420
60
7
334
137
153
460
220
291
9
493
94
224
262
368
72
500
15
47
433
105
375
356
144
105
81
230
357
344
457
166
454
216
173
304
92
268
340
212
41
147
234
29
447
395
38
70
74
144
281
327
429
20
268
65
113
405
135
303
168
245
296
8
114
213
431
239
336
335
310
250
468
139
192
286
381
411
176
354
420
401
386
227
17
146
44
320
388
76
482
289
26
208
401
391
303
499
176
123
70
349
295
134
218
302
71
176
323
169
61
79
72
180
206
334
364
180
46
349
104
79
481
305
396
452
397
334
47
143
134
366
474
224
166
66
352
370
41
200
70
5
44
111
320
66
268
195
402
300
228
392
145
288
389
183
95
235
483
1
494
124
233
232
363
471
152
155
373
243
361
233
37
424
439
126
162
322
146
135
353
433
433
29
317
25
27
317
100
148
494
60
368
392
67
217
278
27
189
316
458
76
115
435
118
455
148
34
312
8
469
197
375
137
301
139
131
206
82
141
474
31
90
177
34
55
466
53
190
203
379
289
307
494
74
285
186
135
417
34
336
227
70
212
340
120
302
483
221
126
29
222
425
19
68
126
196
180
205
342
342
260
96
281
122
433
176
244
203
113
204
286
408
499
248
488
227
371
389
410
381
355
173
485
485
207
301
30
218
236
329
303
210
106
196
242
207
105
140
40
471
382
187
213
193
255
158
128
153
424
283
191
232
268
330
62
312
447
299
221
71
148
110
158
87
124
366
254
198
90
200
76
491
131
383
432
357
461
333
471
18
248
381
476
11
203
118
264
127
266
401
234
398
484
123
133
297
119
93
56
410
49
464
471
462
233
401
299
199
361
316
163
277
253
283
377
485
231
379
180
262
406
82
417
218
259
450
87
29
395
257
185
321
64
398
214
397
345
320
89
410
354
437
342
344
436
451
175
490
62
232
399
345
497
396
172
242
377
11
269
300
454
350
247
167
108
439
456
365
142
185
295
457
484
192
460
112
135
494
153
96
75
241
359
102
348
38
316
318
181
14
195
43
318
320
315
175
129
227
416
358
171
136
57
89
68
272
224
104
420
70
50
397
469
211
320
291
365
30
74
5
146
37
153
312
483
43
446
410
268
466
420
285
334
156
211
473
438
192
162
243
106
419
152
427
39
116
462
252
96
36
188
266
180
228
334
129
492
415
326
257
202
409
58
91
491
449
467
450
316
66
315
259
387
21
489
195
83
140
110
92
398
299
159
292
66
137
84
433
133
70
40
19
106
466
473
495
196
439
207
419
306
493
54
205
102
378
176
354
424
355
76
488
234
204
109
445
12
169
284
179
265
227
471
145
242
442
271
364
48
394
417
347
20
77
23
108
121
417
365
490
71
14
142
117
85
466
273
327
345
160
357
37
269
158
313
85
181
396
54
199
174
180
232
400
323
64
203
246
353
29
332
33
488
475
149
211
500
445
108
482
312
83
392
240
123
282
222
261
135
123
84
259
333
133
116
203
205
112
107
44
390
216
181
301
4
250
225
240
259
81
35
212
18
377
406
37
96
384
85
176
428
267
68
299
153
63
163
220
276
177
97
97
265
382
177
161
334
174
131
212
171
457
301
24
484
398
214
283
80
462
410
137
84
55
66
439
479
375
22
269
390
37
323
324
340
234
205
322
241
206
237
107
491
491
471
200
332
2
442
151
37
191
354
106
43
158
30
159
359
326
450
147
388
424
292
235
319
317
352
247
303
347
118
433
461
243
36
496
94
243
152
466
72
22
362
182
3
171
462
412
147
392
485
396
475
298
59
336
384
166
114
193
326
192
274
402
482
359
159
457
144
206
97
168
134
399
439
196
381
231
202
373
239
275
251
179
211
233
44
148
458
94
229
376
363
101
487
239
404
129
32
369
259
459
100
399
342
103
44
446
407
243
338
299
422
29
384
294
136
435
475
361
92
95
134
260
375
493
284
110
450
179
369
325
304
132
61
213
433
223
114
42
338
248
239
29
361
304
78
307
15
384
455
103
478
375
49
473
500
273
43
179
252
281
18
426
38
119
81
413
336
249
202
388
300
401
220
96
201
227
271
306
212
96
151
341
84
13
182
343
466
376
210
287
25
291
201
95
52
411
223
13
375
291
255
281
250
86
323
475
298
402
435
287
182
21
113
408
418
236
63
69
109
442
154
257
359
217
377
29
322
42
388
323
90
424
2
140
69
147
233
445
80
34
11
165
97
54
218
145
416
334
3
2
33
111
133
323
136
399
231
266
403
178
317
163
189
157
478
355
276
252
308
85
22
179
457
400
92
175
232
182
452
184
172
68
384
447
396
189
76
328
286
381
226
309
225
194
122
26
169
270
371
373
245
393
254
122
423
263
134
221
6
333
477
411
312
302
253
486
408
207
403
82
145
311
43
87
54
388
281
315
280
279
296
400
361
25
293
374
54
217
20
272
291
119
279
170
67
14
208
405
191
178
141
389
353
296
478
275
349
107
323
401
131
55
28
374
6
164
397
301
417
421
499
169
181
421
373
50
439
79
441
322
307
292
28
314
385
449
216
327
269
317
124
220
178
403
294
346
98
15
49
373
50
370
18
154
179
250
13
109
372
351
48
219
448
173
66
75
262
458
311
91
209
425
348
364
157
237
413
365
286
420
61
39
139
148
96
138
388
149
324
27
461
205
434
488
163
66
184
478
288
402
117
138
61
239
152
299
353
182
257
84
232
101
302
228
323
314
315
90
330
215
74
392
283
196
338
102
204
137
35
480
412
197
352
216
87
56
5
210
498
298
345
496
22
29
60
473
112
409
447
56
388
247
50
104
353
354
488
417
3
410
409
380
223
167
278
326
430
374
145
468
288
438
57
298
205
415
19
164
447
91
199
296
369
23
79
405
210
97
377
88
265
314
285
129
57
242
15
431
237
225
146
228
30
219
475
369
451
329
367
425
370
392
83
55
202
197
162
41
120
268
167
122
195
370
493
268
239
278
467
279
421
139
124
146
411
128
348
385
337
444
23
106
331
100
414
448
249
323
234
39
413
305
215
48
346
492
7
494
446
499
390
359
31
231
58
224
391
247
182
51
258
398
499
421
108
272
432
484
250
2
56
117
440
23
230
214
88
419
369
345
198
74
69
481
264
411
242
276
230
108
455
464
460
293
375
186
363
360
48
200
391
162
222
212
151
36
46
208
211
269
227
14
467
308
133
476
92
220
356
29
124
164
458
93
208
311
411
203
316
477
214
429
493
450
299
142
308
292
27
410
147
223
7
286
421
463
484
30
14
294
170
334
481
399
262
394
63
454
271
259
46
276
423
194
331
259
92
382
315
239
95
161
316
323
204
103
284
210
359
132
440
447
368
18
316
48
304
42
297
415
385
249
420
456
328
222
72
379
25
474
173
114
384
59
102
408
301
252
326
190
13
155
192
384
494
348
265
455
107
291
429
68
428
426
141
402
489
84
350
267
157
60
70
359
16
385
448
169
315
175
478
217
30
60
133
40
31
128
240
43
116
459
384
88
424
282
426
439
244
464
450
447
320
34
80
159
1
148
82
325
462
408
70
97
253
225
424
36
99
415
189
423
168
40
280
193
478
41
308
215
207
45
127
35
377
330
1
105
273
259
364
434
452
149
192
73
348
397
403
271
280
367
496
119
79
436
336
10
136
292
59
209
392
33
50
390
116
323
310
489
335
326
259
316
406
437
188
397
483
272
86
129
66
212
4
417
358
317
413
69
357
232
245
369
451
291
367
381
254
363
246
214
40
78
435
116
404
474
264
22
142
198
301
317
437
337
151
345
54
107
168
422
130
48
402
363
56
108
399
295
81
433
20
332
495
412
486
478
147
56
234
431
57
3
439
329
57
16
250
274
213
95
344
383
196
413
333
469
389
91
454
352
219
430
143
216
85
67
284
353
256
140
376
73
265
450
335
28
103
245
378
146
474
167
180
398
407
115
39
80
263
178
269
361
9
71
387
341
130
417
443
429
187
30
425
441
295
315
273
360
209
218
396
327
282
169
446
35
209
303
269
335
376
283
80
491
26
424
366
204
162
399
427
186
276
193
187
264
476
91
113
190
48
418
99
79
229
389
105
107
246
369
195
385
172
60
311
168
213
66
245
361
324
56
269
77
407
192
276
331
372
314
48
265
25
339
478
168
19
168
94
406
91
441
214
267
348
292
394
104
144
367
69
93
404
210
418
329
304
254
479
432
339
21
481
295
104
324
124
87
60
135
243
79
100
14
376
417
467
413
206
439
411
391
226
196
482
263
212
381
455
454
244
433
211
326
32
173
261
44
240
412
176
68
300
118
398
199
430
307
209
144
140
23
140
433
24
392
212
113
480
430
146
31
295
472
109
124
166
302
53
82
293
275
450
375
104
474
482
96
8
194
244
260
296
308
122
173
402
373
222
209
262
119
141
324
369
276
372
417
446
65
321
160
278
468
189
211
358
305
449
299
420
11
224
482
296
375
79
460
263
465
145
217
156
337
463
337
81
110
122
275
415
405
16
479
117
169
12
203
49
342
358
18
82
374
408
493
230
84
52
215
427
412
268
319
296
154
323
424
413
347
442
406
99
41
145
191
176
296
69
320
480
378
207
331
70
212
407
80
218
345
409
467
219
298
312
138
443
369
159
105
326
164
189
365
136
299
349
489
415
483
380
350
431
391
38
58
292
28
58
398
105
20
487
6
173
83
336
282
217
198
304
3
2
360
426
380
32
81
101
331
151
181
298
14
444
285
174
265
291
283
415
363
276
444
351
168
366
266
261
19
436
74
279
404
203
309
484
309
39
444
30
282
459
388
103
201
234
256
67
384
174
401
378
167
101
75
184
240
374
180
29
72
96
79
214
452
264
21
140
214
159
317
373
484
189
495
213
324
226
286
283
469
158
407
434
419
499
270
295
491
358
399
373
43
466
499
390
453
207
346
435
67
276
333
48
249
113
272
31
311
214
260
111
68
251
179
32
412
130
181
261
329
268
283
226
461
311
6
407
322
475
291
99
80
407
293
355
277
191
462
402
210
148
210
286
224
49
339
76
13
214
279
184
87
175
142
246
450
242
458
479
139
300
466
116
157
83
253
299
7
472
12
210
423
42
182
354
102
167
253
50
182
470
7
86
423
233
24
472
34
188
334
350
339
192
156
407
470
354
234
40
76
108
424
90
71
13
226
146
239
288
173
263
109
185
49
411
355
256
129
95
52
493
290
341
29
50
15
137
168
419
58
471
423
5
232
269
476
440
20
386
416
337
488
220
482
407
230
170
419
431
352
369
210
142
333
15
420
401
388
151
203
376
311
411
500
87
107
33
270
249
106
425
166
286
111
121
378
257
43
202
449
146
443
133
249
107
133
470
392
268
259
33
283
107
428
438
125
196
78
313
130
326
261
93
392
78
485
480
282
377
294
58
484
449
300
467
248
319
448
264
184
154
317
289
451
279
405
331
441
107
388
407
140
50
490
180
120
180
221
373
221
494
377
16
299
132
382
469
42
269
183
449
206
156
154
157
288
476
136
150
20
180
473
312
274
454
143
45
377
256
349
308
38
108
177
216
65
438
250
155
272
231
68
248
476
208
88
40
244
448
375
433
75
123
59
199
7
13
157
347
189
473
209
224
278
319
88
427
124
389
228
493
54
108
464
341
183
440
105
67
90
499
318
23
308
390
393
493
47
52
423
395
205
423
453
110
206
257
163
426
406
252
197
50
281
407
293
290
376
170
433
277
495
482
320
14
380
204
92
98
200
283
283
137
451
177
183
254
448
158
392
20
449
115
7
273
41
333
93
79
277
16
237
424
232
436
231
330
500
194
124
230
351
465
140
260
205
460
206
114
256
52
97
174
66
94
18
390
167
21
197
282
217
135
437
416
7
337
352
422
151
175
406
386
73
189
211
424
494
454
418
313
403
79
458
279
120
173
262
439
409
374
42
358
202
87
158
373
411
475
27
92
429
35
34
433
366
293
383
118
223
219
315
261
191
433
161
40
433
152
235
421
230
44
95
70
99
325
299
309
498
465
351
447
16
259
133
326
13
391
217
138
425
251
121
404
103
429
170
481
318
236
311
78
230
24
409
26
450
307
226
442
490
369
11
468
272
73
335
443
67
37
56
196
135
156
54
92
59
194
132
91
237
240
282
293
193
377
306
349
409
234
99
129
106
457
241
214
453
215
381
57
461
12
274
151
391
450
200
79
314
482
392
81
79
422
19
122
258
78
178
470
305
418
313
426
15
81
414
145
59
328
349
419
241
233
142
361
360
483
28
142
471
120
151
272
71
441
268
444
219
494
423
49
330
265
69
269
415
182
248
71
301
480
4
479
428
288
319
171
90
498
23
328
121
72
233
107
306
438
59
241
445
476
492
14
356
394
71
283
234
421
150
230
195
314
275
227
500
98
471
12
382
299
440
327
115
132
490
291
402
246
248
498
426
86
76
233
364
372
350
223
463
429
170
483
281
309
362
151
5
202
15
134
293
57
192
468
446
240
317
50
285
219
181
233
452
442
409
304
17
80
201
22
106
190
91
141
470
186
455
336
296
166
484
466
260
235
354
340
274
425
313
19
90
193
483
148
402
195
197
479
341
200
264
485
261
44
141
416
9
417
92
174
386
125
23
92
352
138
302
39
60
370
44
254
201
68
474
411
172
123
176
201
40
331
213
92
322
317
326
495
78
379
135
206
440
434
1
357
145
94
463
38
339
107
447
371
400
13
208
54
221
359
289
277
437
226
78
436
308
76
395
237
10
118
371
87
379
461
262
103
221
247
209
187
104
331
355
306
154
300
136
2
241
234
492
169
32
157
194
277
319
4
427
2
132
247
238
176
116
496
483
18
297
491
354
331
327
344
144
203
21
263
398
227
458
253
186
415
193
401
269
233
109
412
37
97
237
465
181
254
420
284
176
123
471
19
297
60
98
120
5
427
177
379
235
26
53
194
270
171
469
359
78
83
295
362
219
353
179
204
124
359
395
190
300
376
100
497
273
78
394
498
347
200
79
475
32
424
207
328
323
376
26
289
289
204
184
424
303
325
87
394
77
257
95
480
3
400
302
367
241
198
464
499
318
365
244
61
480
199
279
270
409
53
213
173
403
130
226
56
43
113
216
366
357
29
254
235
495
343
78
273
390
471
353
267
457
268
156
289
363
38
95
451
3
220
247
206
331
234
92
104
327
316
411
362
449
287
150
386
36
357
64
113
275
422
36
137
463
280
296
33
480
313
379
216
54
440
27
408
84
41
379
439
18
107
205
191
472
15
88
373
53
205
408
216
69
431
188
327
98
424
302
99
177
486
296
48
158
482
74
364
98
159
439
206
409
427
36
488
291
33
9
432
389
489
268
139
455
225
76
253
211
142
248
54
17
134
123
414
365
124
90
88
176
338
332
203
314
317
92
118
239
89
227
7
164
12
439
98
127
499
71
473
383
184
52
190
64
104
49
242
115
60
152
11
63
155
401
389
278
361
278
192
467
72
288
283
268
252
104
18
427
163
294
252
206
116
8
97
304
289
98
15
282
454
16
94
138
323
484
9
412
268
316
212
429
357
455
348
486
472
207
208
104
219
377
257
178
460
443
381
180
33
173
496
366
103
64
70
238
128
233
354
358
63
457
341
473
263
315
477
230
450
457
162
193
247
359
370
229
454
495
488
258
157
233
77
290
230
363
302
101
480
75
135
372
421
331
299
80
151
18
46
417
337
449
488
29
38
198
133
369
443
26
165
15
112
84
252
331
406
352
279
439
107
288
490
36
107
412
382
206
133
138
66
453
133
420
457
374
331
416
312
463
387
149
46
259
260
307
212
182
90
157
224
133
356
202
112
97
61
117
110
264
418
149
341
356
298
120
180
181
191
362
92
129
1
387
351
160
271
305
72
123
299
27
336
52
133
32
7
425
89
21
490
226
272
47
257
498
481
313
409
476
4
104
392
261
14
453
226
421
155
471
218
332
402
399
151
4
457
330
368
101
192
202
421
348
112
76
194
470
374
407
463
362
95
446
308
180
62
158
199
67
415
490
279
314
37
87
35
299
149
61
85
130
16
211
204
26
221
90
56
78
196
197
279
159
481
68
178
408
194
443
260
355
322
259
226
454
155
89
291
452
138
312
367
273
423
167
194
267
84
40
437
458
299
247
92
155
235
292
275
62
13
35
69
320
321
434
97
200
189
33
407
500
394
114
6
14
196
477
68
296
362
83
403
322
396
388
229
498
492
475
127
388
435
227
292
434
57
104
340
368
348
234
411
450
490
403
249
141
360
174
218
281
473
313
405
321
420
342
43
195
60
24
451
397
82
291
55
399
27
88
293
70
33
386
365
345
286
91
304
464
133
396
273
187
313
129
314
42
2
475
458
253
176
34
230
152
287
500
27
60
361
357
275
270
384
371
476
468
236
275
471
143
500
472
246
248
95
211
82
123
80
172
151
432
370
61
395
155
236
295
129
445
221
80
315
467
444
199
339
155
324
65
396
157
413
146
298
77
313
136
26
497
129
336
347
131
467
7
149
381
229
59
364
430
331
299
498
494
456
74
294
243
119
36
450
386
116
418
141
386
335
109
240
258
16
14
250
397
206
137
407
419
67
27
279
26
131
225
437
456
283
75
420
146
467
304
231
324
94
16
50
340
116
327
132
157
480
151
95
54
488
225
362
252
63
319
42
299
52
159
372
279
444
478
149
42
292
238
200
416
151
489
14
38
39
460
81
216
242
458
317
468
246
312
176
151
184
92
154
403
420
43
394
391
291
184
1
201
34
280
426
17
103
426
2
108
381
263
225
474
231
420
362
424
442
105
299
204
305
328
278
249
485
128
292
32
297
290
450
427
208
403
474
483
110
302
363
440
402
308
373
350
445
417
107
137
189
489
411
459
105
235
199
294
71
275
27
177
478
273
414
130
88
189
406
375
119
442
339
35
61
349
38
142
428
477
413
386
499
168
487
204
72
284
406
454
359
375
330
98
433
305
366
23
14
30
408
304
446
124
216
485
359
303
99
139
375
150
300
272
150
432
488
361
145
360
300
143
284
398
422
40
14
190
76
439
330
463
48
387
469
290
93
70
298
360
84
367
370
8
251
100
190
49
184
13
475
50
24
442
64
65
370
24
121
424
470
282
439
116
154
334
456
394
273
490
478
219
87
456
234
273
136
387
49
278
89
51
309
43
424
382
358
142
51
286
117
391
123
93
490
290
319
161
15
372
288
214
309
448
296
130
9
63
264
499
296
16
30
449
9
168
128
365
37
368
256
323
377
166
374
250
185
166
28
26
168
233
41
460
349
468
160
330
66
274
60
404
1
56
341
164
181
48
256
199
91
1
411
76
450
463
59
284
215
127
417
188
48
282
79
293
277
163
170
452
333
75
364
60
240
486
177
156
445
379
254
264
156
485
426
239
355
187
379
329
317
216
148
98
230
463
482
354
474
117
273
216
151
34
360
420
209
200
458
43
316
342
345
301
165
255
168
183
3
134
387
193
461
214
415
106
175
325
391
216
245
468
404
162
258
373
125
68
476
40
436
368
220
131
121
330
129
154
57
17
234
293
106
49
155
343
73
301
308
121
146
353
156
401
151
260
391
337
308
475
351
66
383
3
129
113
241
185
38
482
294
263
492
292
259
261
385
94
394
470
214
26
62
248
3
251
37
161
22
199
427
381
381
439
415
173
325
105
271
178
387
170
203
166
112
457
142
327
166
182
446
184
467
477
319
120
397
242
434
60
207
386
301
311
475
446
427
100
286
284
136
395
332
74
210
118
243
500
108
451
233
125
93
13
79
149
484
273
482
344
94
190
73
226
96
197
145
137
163
283
199
220
208
105
469
401
437
221
392
335
182
237
348
444
132
357
71
45
157
73
278
261
315
439
422
325
4
146
385
88
408
391
96
29
6
298
231
252
427
462
88
11
297
13
234
496
42
414
177
215
240
55
142
39
222
92
460
68
43
317
161
300
305
294
119
156
39
357
421
301
491
18
180
280
163
274
131
426
363
259
165
104
332
145
360
299
181
202
156
245
485
433
36
206
295
206
402
286
251
341
363
85
183
187
251
283
252
253
486
245
206
63
292
14
248
13
363
101
334
79
223
300
406
414
416
320
188
459
89
368
116
401
179
430
397
447
168
361
412
119
258
34
375
424
373
209
169
51
66
426
256
410
219
208
361
131
422
499
348
407
468
278
335
320
195
499
88
130
242
496
108
295
351
273
127
329
484
122
403
477
335
286
247
499
285
473
190
296
384
333
17
444
233
98
176
180
465
464
126
231
30
373
282
406
180
294
48
243
284
210
288
56
77
460
238
140
496
257
436
465
466
164
254
