82
69
36
32
67
57
44
40
23
25
57
22
12
30
5
86
30
83
50
18
46
67
69
77
87
35
54
18
68
39
3
39
71
69
17
95
54
52
71
63
95
76
49
8
54
33
92
17
79
89
32
60
13
75
82
9
80
95
98
26
76
61
31
99
53
24
58
93
83
51
63
42
26
15
52
33
38
17
12
15
49
4
3
37
32
36
60
50
36
5
15
20
30
29
95
30
6
82
37
99
22
33
72
45
17
49
52
70
13
10
80
46
66
46
8
91
27
4
95
21
8
99
11
50
49
68
20
30
3
96
20
35
92
44
83
70
10
5
12
5
67
54
70
59
56
86
57
32
11
6
87
91
14
44
31
84
63
49
71
22
25
65
1
79
16
7
54
16
19
13
70
93
70
55
1
82
13
46
84
33
38
70
48
69
38
63
82
40
25
73
60
98
92
30
22
22
55
65
11
8
48
59
7
41
76
28
27
98
74
31
86
51
66
9
88
74
86
10
19
33
5
51
2
45
77
51
32
8
47
28
20
69
38
73
48
63
37
58
31
65
40
55
26
83
38
19
11
38
56
32
17
97
43
70
14
49
15
52
57
43
74
93
29
13
31
25
59
32
69
38
87
85
50
51
15
29
29
88
3
8
39
24
10
61
85
61
51
72
86
41
85
34
99
83
14
31
43
86
20
28
35
21
82
35
86
57
3
32
85
12
31
53
86
4
60
85
71
46
0
72
77
19
18
45
24
7
83
47
62
81
78
86
46
95
82
6
98
50
36
1
49
15
3
59
4
64
61
92
33
40
78
30
6
81
44
36
14
15
21
91
2
60
60
27
80
16
22
7
35
18
84
90
18
42
59
83
40
29
72
13
51
79
61
3
26
63
17
71
60
31
67
25
78
68
57
28
7
80
100
25
95
42
90
27
76
81
34
3
73
43
86
44
34
97
5
81
72
73
75
56
2
67
29
32
54
39
26
50
98
77
9
14
40
2
43
22
46
85
93
51
87
66
41
77
30
80
47
40
62
85
41
49
21
23
0
52
29
30
61
9
14
100
99
49
91
85
16
1
46
87
96
85
70
54
36
67
34
63
69
72
54
33
56
76
65
17
56
14
81
54
46
91
29
14
0
37
27
33
52
92
9
86
12
90
84
15
96
25
28
17
59
68
86
53
69
14
94
49
21
53
60
9
30
37
65
80
73
99
67
51
44
85
7
39
39
9
16
21
47
93
39
39
52
93
5
91
22
42
39
5
43
0
31
61
45
60
75
56
44
29
8
94
88
61
77
19
35
80
14
45
43
63
67
89
100
8
82
12
0
85
37
35
71
97
81
87
64
6
63
74
17
93
85
3
65
60
95
53
48
75
48
86
48
25
51
20
32
74
52
95
0
57
66
10
34
34
69
38
60
72
34
40
82
100
77
83
12
85
46
13
54
83
27
39
29
50
64
93
85
39
75
19
99
48
43
15
8
12
40
20
28
25
71
62
66
34
19
55
52
21
58
3
90
29
97
44
20
11
31
40
43
55
84
34
41
6
40
24
20
16
21
70
28
34
20
45
77
89
66
91
33
63
54
64
17
93
42
81
58
93
13
78
36
60
7
35
52
0
40
45
30
37
94
100
71
91
5
48
96
13
10
86
40
91
25
62
22
73
15
49
50
78
37
69
32
76
76
84
51
32
68
58
23
80
68
85
14
10
55
53
50
62
82
59
4
21
19
36
6
68
28
79
70
52
70
16
80
100
10
78
33
16
28
93
62
7
46
3
18
46
11
93
87
3
67
12
49
14
97
0
87
16
51
42
58
40
77
43
26
100
79
0
40
26
21
44
26
4
75
65
24
82
64
5
4
4
36
8
62
86
21
3
48
59
13
58
76
76
34
50
6
81
43
5
47
19
71
99
73
61
76
74
29
3
99
62
70
66
76
74
56
97
44
80
37
44
32
7
13
70
24
51
8
5
63
1
67
47
11
16
12
41
74
20
94
34
82
43
19
57
93
57
36
82
70
2
92
32
23
0
46
76
58
24
17
72
44
97
37
68
36
41
96
62
59
77
87
79
22
11
78
88
7
1
32
19
47
45
80
9
83
33
75
34
22
94
69
100
47
88
11
52
94
15
30
65
68
86
85
46
25
29
1
6
74
51
100
12
68
76
92
24
29
41
75
60
25
51
89
75
85
94
88
48
51
65
4
67
21
97
61
56
75
93
59
37
8
69
82
80
99
88
5
89
32
11
38
4
88
38
76
90
17
93
59
68
16
86
93
29
